# Format: McCode with text headers
# URL: http://www.mccode.org
# Creator:  3.99.99, git
# Instrument: Minimal.instr
# Ncount: 1000000
# Trace: no
# Gravitation: no
# Seed: 1779983650797574
# Directory: example_dataset
# Param: lambda=2.5666
# Param: R=0.87
# Param: R_curve=0.87
# Param: filename=Na2Ca3Al2F14.laz
# Param: D_PHI=6
# Param: SHIFT=0
# Param: PACK=0.7
# Param: Dw=0.8
# Param: BARNS=1
# Date: Thu May 28 17:54:12 2026 (1779983652)
# type: array_1d(128)
# Source: PSI_source (Minimal.instr)
# component: Lmon
# position: 0 0 1.51
# title: Wavelength monitor
# Ncount: 1000000
# filename: Lmon.dat
# statistics: X0=2.56656; dX=0.0144273;
# signal: Min=1.59295e+07; Max=1.71687e+07; Mean=1.64546e+07;
# values: 2.10619e+09 2.31489e+06 827829
# xvar: L
# yvar: (I,I_err)
# xlabel: Wavelength [AA]
# ylabel: Intensity
# xlimits: 2.5416 2.5916
# variables: L I I_err N
2.541795313 16527765.87 205398.0458 6475 
2.542185938 16678988.12 206323.5958 6535 
2.542576563 16146581.07 203010.2283 6326 
2.542967188 16508079.68 205264.3418 6468 
2.543357813 16431909.18 204776.8447 6439 
2.543748438 16425849.93 204733.1113 6437 
2.544139063 16680283.42 206308.0449 6537 
2.544529688 16409745.5 204627.7859 6431 
2.544920313 16412431.99 204629.4868 6433 
2.545310938 16481458.34 205060.2307 6460 
2.545701563 16258414.44 203661.1658 6373 
2.546092188 16800449.14 207019.898 6586 
2.546482813 16310215.19 203974.2883 6394 
2.546873438 16582078.53 205660.5079 6501 
2.547264063 16263015.53 203670.8721 6376 
2.547654688 16797628.4 206985.157 6586 
2.548045313 16827453.11 207163.9731 6598 
2.548435938 16344007.67 204157.559 6409 
2.548826563 16319877.24 203999.4494 6400 
2.549217188 16567526.65 205543.2978 6497 
2.549607813 16487792.52 205043.8211 6466 
2.549998438 16578423.9 205599.3833 6502 
2.550389063 16669547.98 206159.5079 6538 
2.550779688 16553929.1 205437.8418 6493 
2.551170313 16316737.42 203960.1732 6400 
2.551560938 16608395.8 205765.4735 6515 
2.551951563 16414914.36 204565.014 6439 
2.552342188 16615826.56 205794.3711 6519 
2.552732813 16398983.25 204445.9112 6434 
2.553123438 16754525.08 206642.3413 6574 
2.553514063 16355333.87 204155.7683 6418 
2.553904688 16380898.59 204315.7214 6428 
2.554295313 16574339.36 205517.1134 6504 
2.554685938 16537577.18 205282.3315 6490 
2.555076563 16436235.51 204640.1682 6451 
2.555467188 16357754.07 204154.1329 6420 
2.555857813 16633290.61 205852.8676 6529 
2.556248438 16704882.04 206296.9718 6557 
2.556639063 16758626.56 206630.0381 6578 
2.557029688 16509645.05 205077.8348 6481 
2.557420313 16491567.34 204964.0014 6474 
2.557810938 16668167.21 206047.9119 6544 
2.558201563 16527565.31 205173.8391 6489 
2.558592188 16539568.68 205243.8168 6494 
2.558982813 16164093.73 202893.9897 6347 
2.559373438 16292544.77 203689.5996 6398 
2.559764063 16422205.31 204497.183 6449 
2.560154688 16464667.41 204756.2512 6466 
2.560545313 16602069.02 205608.1786 6520 
2.560935938 16350703.08 204034.3726 6422 
2.561326563 16317108.92 203821.545 6409 
2.561717188 16731148.33 206385.3978 6572 
2.562107813 16404491.11 204355.8115 6444 
2.562498438 16792759.99 206752.5394 6597 
2.562889063 16540727.35 205194.9543 6498 
2.563279688 16289899.32 203624.7105 6400 
2.563670313 16436998.96 204538.7216 6458 
2.564060938 16300899.28 203682.6191 6405 
2.564451563 16773554.56 206610.0592 6591 
2.564842188 16554830.26 205259.4151 6505 
2.565232813 16596729.14 205510.5674 6522 
2.565623438 16361071.52 204036.7075 6430 
2.566014063 16437054.25 204507.7543 6460 
2.566404688 17016566.84 208077.8385 6688 
2.566795313 16213751.41 203101.705 6373 
2.567185938 16508227.05 204933.7857 6489 
2.567576563 16291024.52 203575.1772 6404 
2.567967188 16372234.68 204080.6979 6436 
2.568357813 16189039.67 202935.4938 6364 
2.568748438 16363228.92 204015.9868 6433 
2.569139063 16468136.29 204656.9996 6475 
2.569529688 16413960.45 204315.3106 6454 
2.569920313 16222681.51 203117.9688 6379 
2.570310938 16527120.42 205010.4322 6499 
2.570701563 16685873.72 205983.7114 6562 
2.571092188 16413828.38 204297.8393 6455 
2.571482813 16285832.92 203494.389 6405 
2.571873438 16043858.07 201974.3183 6310 
2.572264063 16692906.05 206007.7194 6566 
2.572654688 16407423.77 204233.9266 6454 
2.573045313 16503611.38 204829.1531 6492 
2.573435938 16637694.64 205655.486 6545 
2.573826563 16298476.25 203541.1619 6412 
2.574217188 16348073.66 203842.8782 6432 
2.574607813 16713719.04 206107.673 6576 
2.574998438 16412713.01 204236.5039 6458 
2.575389063 16541906.7 205036.1374 6509 
2.575779688 16341794.26 203780.4462 6431 
2.576170313 16422723.6 204282.054 6463 
2.576560938 16378386.51 203998.9781 6446 
2.576951563 16105673.88 202288.2148 6339 
2.577342188 16499345.97 204744.666 6494 
2.577732813 16601990.52 205371.1262 6535 
2.578123438 16464701.55 204519.5361 6481 
2.578514063 16326293.71 203650.4757 6427 
2.578904688 16195947.13 202830.9236 6376 
2.579295313 17168722.21 208832.8141 6759 
2.579685938 16282844.19 203361.7996 6411 
2.580076562 15929542.19 201141.8148 6272 
2.580467188 16450187.71 204402.3403 6477 
2.580857813 16760807.32 206312.2506 6600 
2.581248438 16493044.41 204650.7404 6495 
2.581639063 16462003.94 204454.5042 6483 
2.582029687 16084992.9 202092.242 6335 
2.582420313 16673054.37 205747.0793 6567 
2.582810938 16649322.68 205595.1776 6558 
2.583201563 16666239.4 205694.316 6565 
2.583592188 16048968.75 201846.8075 6322 
2.583982812 16289367.95 203348.1674 6417 
2.584373438 16545809.73 204927.2097 6519 
2.584764063 16338341.57 203642.4036 6437 
2.585154688 16452202.1 204348.4988 6482 
2.585545313 16412894.58 204096.6197 6467 
2.585935937 16097187.7 202117.8779 6343 
2.586326563 16171710.14 202575.1132 6373 
2.586717188 16407459.67 204044.7837 6466 
2.587107813 16267732.68 203173.0793 6411 
2.587498438 16372692.53 203817.4215 6453 
2.587889062 16243736.55 203015.8888 6402 
2.588279688 16356932.35 203715.9569 6447 
2.588670313 16525675.24 204756.3333 6514 
2.589060938 16416899.11 204083.2582 6471 
2.589451563 16323789.06 203492.6303 6435 
2.589842187 16080752.74 201959.2672 6340 
2.590232813 16424892.02 204103.8324 6476 
2.590623438 16762200.74 206188.8602 6609 
2.591014063 16257681.25 203063.3666 6410 
2.591404688 16381633.17 203818.2175 6460 
